#     Y        DY         Y+DY/2
-96.01 3.71666983502684 -94.1516650824866
-92.3429425101586 3.6176608465535 -90.5341120868818
-88.7742469927341 3.51994580082583 -87.0142740923212
-85.3026197714593 3.42352416670284 -83.5908576881079
-81.9267676947403 3.3283954270381 -80.2625699812212
-78.6453981182772 3.23455908566272 -77.0281185754459
-75.4572188800274 3.14201467575351 -73.8862115421506
-72.3609382660093 3.050761769826 -70.8355573810963
-69.3552649651873 2.96079999163116 -67.8748649693717
-66.4389080113738 2.87212903028001 -65.0028434962338
-63.6105767097401 2.78474865697158 -62.2182023812543
-60.8689805451173 2.69865874475898 -59.5196511727378
-58.2128290688083 2.6138592918548 -56.9058994228809
-55.6408317600862 2.53035044905274 -54.3756565355598
-53.1516978579415 2.44813255192653 -51.9276315819782
-50.7441361579326 2.36720615856018 -49.5605330786525
-48.4168547681871 2.28757209366582 -47.2730687213542
-46.168560817694 2.20923150005427 -45.0639450676669
-43.9979601090048 2.13218589853856 -42.9318671597355
-41.9037567063193 2.05643725746709 -40.8755380775857
-39.8846524486834 1.98198807319653 -38.8936584120852
-37.9393463766591 1.90884146291637 -36.9849256452009
-36.0665340593745 1.8370012713159 -35.1480334237165
-34.2649068073494 1.7664721926252 -33.3816707110368
-32.533150754959 1.69725990954173 -31.6845208001881
-30.8699457949357 1.62937125044698 -30.0552601697122
-29.2739643460078 1.56281436608504 -28.4925571629653
-27.7438699337846 1.49759892647279 -26.9950704705482
-26.2783155645251 1.43373633818224 -25.561447395434
-24.8759418717146 1.37123998121333 -24.1903218811079
-23.5353750167733 1.31012546338503 -22.8803122850808
-22.2552243281165 1.25041088843174 -21.6300188839006
-21.0340796676909 1.19211713172135 -20.4380211018302
-19.8705085215756 1.13526811464399 -19.3028744642536
-18.763052821885 1.07989106521801 -18.223107289276
-17.7102255216761 1.02601674834013 -17.197217147506
-16.7105069634175 0.973679644470979 -16.223667141182
-15.7623411052381 0.92291805062093 -15.3008820799277
-14.8641316977537 0.873774072670261 -14.4272446614186
-14.0142385373978 0.82629347390396 -13.6010918004459
-13.210973958807 0.780525341957087 -12.8207112878285
-12.4525997669791 0.736521536136359 -12.0843389989109
-11.737324846635 0.694335880413181 -11.3901569064284
-11.063303717363 0.6540230753587 -10.7362921796837
-10.4286363235956 0.615637315761954 -10.1208176657147
-9.8313693525652 0.579230619969476 -9.54175404258046
-9.26949935542115 0.544850901620461 -8.99707390461092
-8.74097790203174 0.512539842865797 -8.48470798059884
-8.24371892611822 0.482330657618327 -8.00255359730906
-7.77560831504746 0.454245860124582 -7.54848538498517
-7.33451567270251 0.428295173840064 -7.12036808578248
-6.91830804354355 0.4044737240671 -6.71607118151
-6.52486524414847 0.38276065199298 -6.33348491815198
-6.15209632024693 0.363118266499514 -5.97053718699717
-5.79795654752827 0.34549181473366 -5.62521064016144
-5.46046433571051 0.32980990675505 -5.29555938233298
-5.13771738504932 0.315985579341138 -4.97972459537875
-4.82790748393752 0.303917935805307 -4.67594851603487
-4.52933342033159 0.293494258599126 -4.38258629103203
-4.24041159785785 0.284592464072908 -4.0981153658214
-3.95968408558308 0.277083756297427 -3.82114220743437
-3.68582397357117 0.270835339084143 -3.5504063040291
-3.41763804078446 0.265713059984749 -3.28478151079209
-3.15406685695993 0.261583883468079 -3.02327491522589
-2.89418252907453 0.258318118544482 -2.76502346980229
-2.63718436323004 0.25579135498603 -2.50928868573703
-2.3823927450381 0.253886088915316 -2.25544970058044
-2.12924154923061 0.252493040873208 -2.00299502879401
-1.87726937713057 0.251512186517727 -1.75151328387171
-1.62610989422767 0.25085353169714 -1.5006831283791
-1.37548150467787 0.250437670231958 -1.25026266956189
-1.12517655970277 0.25019616513406 -1.00007847713574
-0.875050256338961 0.250071793120603 -0.75001435977866
-0.625009344582337 0.250018689052905 -0.500000000055885
-0.375000726639451 0.250002422129625 -0.249999515574638
-0.125000002990289 0.250000029902886 1.19611545112974e-08
0.125000002990289 0.250000029902886 0.250000017941732
0.375000726639451 0.250002422129625 0.500001937704263
0.625009344582337 0.250018689052905 0.75001868910879
0.875050256338961 0.250071793120603 1.00008615289926
1.12517655970277 0.25019616513406 1.2502746422698
1.37548150467787 0.250437670231958 1.50070033979385
1.62610989422767 0.25085353169714 1.75153666007624
1.87726937713057 0.251512186517727 2.00302547038943
2.12924154923061 0.252493040873208 2.25548806966722
2.3823927450381 0.253886088915316 2.50933578949576
2.63718436323004 0.25579135498603 2.76508004072306
2.89418252907453 0.258318118544482 3.02334158834677
3.15406685695993 0.261583883468079 3.28485879869397
3.41763804078446 0.265713059984749 3.55049457077684
3.68582397357117 0.270835339084143 3.82124164311324
3.95968408558308 0.277083756297427 4.09822596373179
4.24041159785785 0.284592464072908 4.38270782989431
4.52933342033159 0.293494258599126 4.67608054963116
4.82790748393752 0.303917935805307 4.97986645184017
5.13771738504932 0.315985579341138 5.29571017471989
5.46046433571051 0.32980990675505 5.62536928908803
5.79795654752827 0.34549181473366 5.9707024548951
6.15209632024693 0.363118266499514 6.33365545349668
6.52486524414847 0.38276065199298 6.71624557014496
6.91830804354355 0.4044737240671 7.1205449055771
7.33451567270251 0.428295173840064 7.54866325962254
7.77560831504746 0.454245860124582 8.00273124510975
8.24371892611822 0.482330657618327 8.48488425492739
8.74097790203174 0.512539842865797 8.99724782346463
9.26949935542115 0.544850901620461 9.54192480623138
9.8313693525652 0.579230619969476 10.1209846625499
10.4286363235956 0.615637315761954 10.7364549814766
11.063303717363 0.6540230753587 11.3903152550424
11.737324846635 0.694335880413181 12.0844927868416
12.4525997669791 0.736521536136359 12.8208605350472
13.210973958807 0.780525341957087 13.6012366297856
14.0142385373978 0.82629347390396 14.4273852743498
14.8641316977537 0.873774072670261 15.3010187340889
15.7623411052381 0.92291805062093 16.2238001305486
16.7105069634175 0.973679644470979 17.1973467856529
17.7102255216761 1.02601674834013 18.2232338958461
18.763052821885 1.07989106521801 19.302998354494
19.8705085215756 1.13526811464399 20.4381425788976
21.0340796676909 1.19211713172135 21.6301382335516
22.2552243281165 1.25041088843174 22.8804297723324
23.5353750167733 1.31012546338503 24.1904377484658
24.8759418717146 1.37123998121333 25.5615618623212
26.2783155645251 1.43373633818224 26.9951837336162
27.7438699337846 1.49759892647279 28.492669397021
29.2739643460078 1.56281436608504 30.0553715290503
30.8699457949357 1.62937125044698 31.6846314201592
32.533150754959 1.69725990954173 33.3817807097299
34.2649068073494 1.7664721926252 35.148142903662
36.0665340593745 1.8370012713159 36.9850346950324
37.9393463766591 1.90884146291637 38.8937671081172
39.8846524486834 1.98198807319653 40.8756464852817
41.9037567063193 2.05643725746709 42.9319753350528
43.9979601090048 2.13218589853856 45.064053058274
46.168560817694 2.20923150005427 47.2731765677212
48.4168547681871 2.28757209366582 49.56064081502
50.7441361579326 2.36720615856018 51.9277392372127
53.1516978579415 2.44813255192653 54.3757641339047
55.6408317600862 2.53035044905274 56.9060069846125
58.2128290688083 2.6138592918548 59.5197587147357
60.8689805451173 2.69865874475898 62.2183099174968
63.6105767097401 2.78474865697158 65.0029510382258
66.4389080113738 2.87212903028001 67.8749725265138
69.3552649651873 2.96079999163116 70.8356649610029
72.3609382660093 3.050761769826 73.8863191509223
75.4572188800274 3.14201467575351 77.0282262179041
78.6453981182772 3.23455908566272 80.2626776611086
81.9267676947403 3.3283954270381 83.5909654082593
85.3026197714593 3.42352416670284 87.0143818548107
88.7742469927341 3.51994580082583 90.534219893147
92.3429425101586 3.6176608465535 94.1517729334353
96.01 3.71666983502684 97.8683349175134
