 #      X        DX        X+DX/2
  -33.010000     0.162792   -32.928604
  -32.847218     0.162771   -32.765833
  -32.684459     0.162747   -32.603086
  -32.521726     0.162719   -32.440367
  -32.359023     0.162687   -32.277680
  -32.196354     0.162651   -32.115028
  -32.033722     0.162612   -31.952416
  -31.871131     0.162568   -31.789847
  -31.708586     0.162521   -31.627326
  -31.546091     0.162469   -31.464856
  -31.383649     0.162413   -31.302443
  -31.221266     0.162353   -31.140090
  -31.058945     0.162288   -30.977801
  -30.896691     0.162220   -30.815581
  -30.734507     0.162146   -30.653434
  -30.572399     0.162069   -30.491365
  -30.410371     0.161987   -30.329378
  -30.248427     0.161900   -30.167477
  -30.086572     0.161810   -30.005667
  -29.924809     0.161714   -29.843952
  -29.763144     0.161615   -29.682337
  -29.601581     0.161511   -29.520825
  -29.440123     0.161404   -29.359421
  -29.278775     0.161292   -29.198129
  -29.117540     0.161176   -29.036952
  -28.956423     0.161057   -28.875895
  -28.795428     0.160933   -28.714961
  -28.634558     0.160807   -28.554155
  -28.473816     0.160677   -28.393478
  -28.313206     0.160543   -28.232934
  -28.152731     0.160407   -28.072527
  -27.992393     0.160268   -27.912259
  -27.832196     0.160126   -27.752132
  -27.672141     0.159983   -27.592149
  -27.512231     0.159837   -27.432313
  -27.352468     0.159689   -27.272623
  -27.192853     0.159540   -27.113083
  -27.033388     0.159390   -26.953693
  -26.874073     0.159239   -26.794454
  -26.714911     0.159087   -26.635367
  -26.555900     0.158935   -26.476432
  -26.397041     0.158783   -26.317649
  -26.238334     0.158631   -26.159018
  -26.079778     0.158480   -26.000538
  -25.921373     0.158330   -25.842208
  -25.763118     0.158181   -25.684027
  -25.605010     0.158034   -25.525993
  -25.447049     0.157889   -25.368105
  -25.289232     0.157745   -25.210360
  -25.131557     0.157605   -25.052755
  -24.974022     0.157467   -24.895288
  -24.816623     0.157332   -24.737957
  -24.659357     0.157201   -24.580756
  -24.502220     0.157073   -24.423684
  -24.345210     0.156949   -24.266736
  -24.188322     0.156829   -24.109907
  -24.031551     0.156713   -23.953195
  -23.874895     0.156602   -23.796594
  -23.718347     0.156495   -23.640099
  -23.561903     0.156393   -23.483706
  -23.405558     0.156297   -23.327410
  -23.249308     0.156205   -23.171205
  -23.093146     0.156119   -23.015086
  -22.937067     0.156039   -22.859048
  -22.781066     0.155964   -22.703085
  -22.625138     0.155894   -22.547191
  -22.469276     0.155831   -22.391361
  -22.313475     0.155773   -22.235588
  -22.157728     0.155721   -22.079868
  -22.002031     0.155675   -21.924193
  -21.846376     0.155635   -21.768558
  -21.690758     0.155601   -21.612958
  -21.535172     0.155573   -21.457385
  -21.379610     0.155551   -21.301834
  -21.224067     0.155535   -21.146299
  -21.068537     0.155526   -20.990774
  -20.913014     0.155522   -20.835253
  -20.757492     0.155524   -20.679730
  -20.601965     0.155532   -20.524199
  -20.446427     0.155545   -20.368654
  -20.290872     0.155565   -20.213090
  -20.135295     0.155590   -20.057500
  -19.979689     0.155622   -19.901878
  -19.824050     0.155658   -19.746220
  -19.668371     0.155701   -19.590520
  -19.512646     0.155749   -19.434772
  -19.356871     0.155802   -19.278970
  -19.201040     0.155861   -19.123110
  -19.045148     0.155925   -18.967185
  -18.889189     0.155994   -18.811192
  -18.733158     0.156069   -18.655124
  -18.577050     0.156148   -18.498976
  -18.420860     0.156233   -18.342744
  -18.264583     0.156322   -18.186422
  -18.108215     0.156416   -18.030006
  -17.951749     0.156515   -17.873492
  -17.795183     0.156619   -17.716873
  -17.638510     0.156727   -17.560146
  -17.481727     0.156840   -17.403307
  -17.324828     0.156957   -17.246350
  -17.167810     0.157079   -17.089271
  -17.010669     0.157205   -16.932066
  -16.853399     0.157335   -16.774731
  -16.695997     0.157470   -16.617262
  -16.538458     0.157608   -16.459654
  -16.380779     0.157751   -16.301903
  -16.222955     0.157897   -16.144006
  -16.064983     0.158048   -15.985959
  -15.906858     0.158202   -15.827757
  -15.748577     0.158361   -15.669396
  -15.590136     0.158522   -15.510874
  -15.431531     0.158688   -15.352186
  -15.272758     0.158857   -15.193329
  -15.113814     0.159030   -15.034299
  -14.954696     0.159207   -14.875093
  -14.795399     0.159387   -14.715706
  -14.635921     0.159570   -14.556136
  -14.476257     0.159757   -14.396379
  -14.316405     0.159948   -14.236431
  -14.156361     0.160142   -14.076290
  -13.996121     0.160339   -13.915951
  -13.835682     0.160539   -13.755413
  -13.675042     0.160743   -13.594670
  -13.514196     0.160949   -13.433721
  -13.353142     0.161160   -13.272562
  -13.191876     0.161373   -13.111189
  -13.030395     0.161589   -12.949600
  -12.868696     0.161809   -12.787791
  -12.706776     0.162032   -12.625760
  -12.544632     0.162257   -12.463503
  -12.382260     0.162486   -12.301017
  -12.219658     0.162718   -12.138299
  -12.056822     0.162953   -11.975346
  -11.893751     0.163191   -11.812155
  -11.730439     0.163432   -11.648723
  -11.566885     0.163676   -11.485047
  -11.403086     0.163923   -11.321124
  -11.239038     0.164173   -11.156952
  -11.074739     0.164426   -10.992527
  -10.910186     0.164681   -10.827846
  -10.745376     0.164940   -10.662906
  -10.580306     0.165201   -10.497706
  -10.414974     0.165465   -10.332241
  -10.249375     0.165732   -10.166510
  -10.083509     0.166001   -10.000508
   -9.917372     0.166274    -9.834235
   -9.750961     0.166549    -9.667687
   -9.584274     0.166826    -9.500861
   -9.417308     0.167106    -9.333755
   -9.250061     0.167389    -9.166366
   -9.082530     0.167674    -8.998693
   -8.914713     0.167961    -8.830732
   -8.746607     0.168250    -8.662482
   -8.578211     0.168542    -8.493941
   -8.409523     0.168836    -8.325105
   -8.240540     0.169131    -8.155974
   -8.071260     0.169428    -7.986546
   -7.901682     0.169727    -7.816819
   -7.731805     0.170027    -7.646792
   -7.561627     0.170329    -7.476463
   -7.391147     0.170631    -7.305831
   -7.220364     0.170934    -7.134897
   -7.049278     0.171238    -6.963659
   -6.877888     0.171542    -6.792118
   -6.706195     0.171845    -6.620273
   -6.534199     0.172148    -6.448125
   -6.361901     0.172449    -6.275676
   -6.189301     0.172749    -6.102927
   -6.016404     0.173047    -5.929880
   -5.843209     0.173341    -5.756539
   -5.669722     0.173633    -5.582906
   -5.495945     0.173920    -5.408986
   -5.321884     0.174201    -5.234784
   -5.147545     0.174477    -5.060306
   -4.972933     0.174746    -4.885560
   -4.798056     0.175006    -4.710554
   -4.622925     0.175256    -4.535297
   -4.447548     0.175495    -4.359800
   -4.271938     0.175722    -4.184077
   -4.096109     0.175934    -4.008141
   -3.920075     0.176131    -3.832009
   -3.743854     0.176308    -3.655699
   -3.567465     0.176466    -3.479232
   -3.390929     0.176601    -3.302629
   -3.214272     0.176710    -3.125917
   -3.037519     0.176791    -2.949124
   -2.860701     0.176841    -2.772280
   -2.683849     0.176857    -2.595421
   -2.507000     0.176835    -2.418582
   -2.330193     0.176773    -2.241806
   -2.153469     0.176666    -2.065136
   -1.976876     0.176512    -1.888621
   -1.800463     0.176306    -1.712310
   -1.624283     0.176045    -1.536260
   -1.448392     0.175726    -1.360529
   -1.272851     0.175346    -1.185178
   -1.097722     0.174901    -1.010272
   -0.923072     0.174389    -0.835877
   -0.748967     0.173808    -0.662063
   -0.575479     0.173157    -0.488901
   -0.402678     0.172434    -0.316461
   -0.230636     0.171639    -0.144816
   -0.059423     0.170774     0.025964
    0.110890     0.169841     0.195811
    0.280237     0.168841     0.364657
    0.448552     0.167779     0.532441
    0.615775     0.166659     0.699105
    0.781853     0.165487     0.864596
    0.946735     0.164270     1.028869
    1.110379     0.163013     1.191886
    1.272751     0.161726     1.353614
    1.433823     0.160416     1.514031
    1.593577     0.159091     1.673123
    1.752003     0.157760     1.830883
    1.909098     0.156431     1.987313
    2.064868     0.155113     2.142425
    2.219329     0.153812     2.296235
    2.372501     0.152537     2.448769
    2.524412     0.151293     2.600059
    2.675099     0.150086     2.750142
    2.824600     0.148923     2.899061
    2.972961     0.147807     3.046864
    3.120231     0.146742     3.193602
    3.266462     0.145731     3.339328
    3.411711     0.144776     3.484099
    3.556034     0.143880     3.627974
    3.699490     0.143043     3.771012
    3.842139     0.142265     3.913272
    3.984041     0.141548     4.054815
    4.125255     0.140890     4.195700
    4.265841     0.140292     4.335987
    4.405858     0.139752     4.475734
    4.545364     0.139268     4.614998
    4.684414     0.138841     4.753834
    4.823064     0.138467     4.892297
    4.961366     0.138146     5.030439
    5.099373     0.137876     5.168311
    5.237134     0.137654     5.305961
    5.374697     0.137480     5.443437
    5.512108     0.137350     5.580783
    5.649411     0.137264     5.718043
    5.786649     0.137219     5.855259
    5.923863     0.137214     5.992470
    6.061090     0.137247     6.129714
    6.198369     0.137316     6.267027
    6.335734     0.137420     6.404444
    6.473220     0.137557     6.541998
    6.610858     0.137725     6.679720
    6.748680     0.137923     6.817641
    6.886714     0.138151     6.955790
    7.024990     0.138405     7.094193
    7.163534     0.138686     7.232877
    7.302371     0.138993     7.371868
    7.441527     0.139323     7.511189
    7.581025     0.139677     7.650863
    7.720888     0.140052     7.790914
    7.861137     0.140450     7.931362
    8.001794     0.140868     8.072228
    8.142879     0.141306     8.213532
    8.284411     0.141763     8.355293
    8.426411     0.142239     8.497531
    8.568896     0.142734     8.640263
    8.711885     0.143246     8.783508
    8.855395     0.143777     8.927283
    8.999444     0.144324     9.071606
    9.144049     0.144889     9.216493
    9.289227     0.145471     9.361962
    9.434995     0.146069     9.508030
    9.581371     0.146685     9.654713
    9.728370     0.147317     9.802029
    9.876010     0.147966     9.949994
   10.024309     0.148633    10.098625
   10.173283     0.149317    10.247941
   10.322950     0.150020    10.397959
   10.473328     0.150740    10.548698
   10.624436     0.151480    10.700176
   10.776294     0.152239    10.852413
   10.928921     0.153018    11.005430
   11.082337     0.153818    11.159246
   11.236565     0.154641    11.313885
   11.391626     0.155486    11.469369
   11.547545     0.156356    11.625724
   11.704347     0.157252    11.782974
   11.862059     0.158175    11.941146
   12.020707     0.159127    12.100271
   12.180323     0.160110    12.260378
   12.340939     0.161126    12.421502
   12.502587     0.162177    12.583676
   12.665306     0.163267    12.746939
   12.829134     0.164397    12.911333
   12.994114     0.165571    13.076899
   13.160291     0.166792    13.243688
   13.327716     0.168065    13.411748
   13.496439     0.169393    13.581136
   13.666521     0.170780    13.751911
   13.838022     0.172233    13.924138
   14.011010     0.173755    14.097887
   14.185558     0.175354    14.273235
   14.361744     0.177034    14.450261
   14.539655     0.178803    14.629056
   14.719382     0.180667    14.809715
   14.901023     0.182634    14.992340
   15.084687     0.184712    15.177042
   15.270486     0.186907    15.363940
   15.458543     0.189229    15.553158
   15.648989     0.191685    15.744831
   15.841960     0.194281    15.939100
   16.037601     0.197026    16.136114
   16.236063     0.199924    16.336025
   16.437502     0.202981    16.538993
   16.642079     0.206199    16.745179
   16.849955     0.209579    16.954744
   17.061290     0.213118    17.167850
   17.276243     0.216812    17.384649
   17.494963     0.220651    17.605289
   17.717590     0.224623    17.829902
   17.944249     0.228712    18.058605
   18.175046     0.232897    18.291495
   18.410068     0.237156    18.528645
   18.649373     0.241462    18.770104
   18.892998     0.245788    19.015892
   19.140947     0.250108    19.266001
   19.393202     0.254394    19.520398
   19.649715     0.258622    19.779026
   19.910420     0.262773    20.041806
   20.175229     0.266829    20.308643
   20.444042     0.270778    20.579431
   20.716748     0.274615    20.854055
   20.993233     0.278337    21.132402
   21.273384     0.281945    21.414356
   21.557088     0.285447    21.699812
   21.844245     0.288850    21.988670
   22.134759     0.292165    22.280842
   22.428550     0.295405    22.576253
   22.725548     0.298582    22.874839
   23.025697     0.301709    23.176552
   23.328954     0.304799    23.481353
   23.635288     0.307866    23.789221
   23.944681     0.310920    24.100141
   24.257127     0.313973    24.414114
   24.572630     0.317035    24.731148
   24.891204     0.320116    25.051262
   25.212871     0.323225    25.374484
   25.537665     0.326369    25.700849
   25.865623     0.329555    26.030401
   26.196792     0.332792    26.363188
   26.531226     0.336084    26.699268
   26.868982     0.339439    27.038701
   27.210125     0.342860    27.381556
   27.554726     0.346354    27.727903
   27.902860     0.349926    28.077822
   28.254605     0.353579    28.431395
   28.610047     0.357320    28.788707
   28.969276     0.361153    29.149852
   29.332385     0.365081    29.514925
   29.699472     0.369111    29.884027
   30.070641     0.373246    30.257264
   30.446001     0.377491    30.634746
   30.825663     0.381852    31.016589
   31.209745     0.386333    31.402912
   31.598371     0.390940    31.793841
   31.991669     0.395677    32.189507
   32.389771     0.400552    32.590047
   32.792819     0.405568    32.995603
   33.200957     0.410733    33.406324
   33.614338     0.416054    33.822364
   34.033118     0.421536    34.243886
   34.457466     0.427187    34.671059
   34.887552     0.433015    35.104059
   35.323557     0.439027    35.543071
   35.765671     0.445233    35.988287
   36.214090     0.451640    36.439910
   36.669021     0.458258    36.898150
   37.130680     0.465098    37.363229
   37.599294     0.472169    37.835378
   38.075099     0.479483    38.314841
   38.558346     0.487052    38.801872
   39.049293     0.494889    39.296738
   39.548216     0.503006    39.799719
   40.055403     0.511418    40.311112
   40.571156     0.520140    40.831226
   41.095792     0.529189    41.360386
   41.629647     0.538581    41.898938
   42.173074     0.548335    42.447241
   42.726444     0.558470    43.005679
   43.290148     0.569008    43.574652
   43.864601     0.579970    44.154586
   44.450238     0.591381    44.745928
   45.047521     0.603266    45.349154
   45.656937     0.615653    45.964763
   46.279003     0.628570    46.593288
   46.914264     0.642049    47.235289
   47.563300     0.656124    47.891362
   48.226723     0.670831    48.562139
   48.905186     0.686209    49.248290
   49.599378     0.702298    49.950527
   50.310034     0.719144    50.669606
   51.037934     0.736795    51.406331
   51.783908     0.755301    52.161559
   52.548839     0.774718    52.936198
   53.333668     0.795105    53.731220
   54.139394     0.816526    54.547657
   54.967087     0.839048    55.386611
   55.817882     0.862744    56.249254
   56.692992     0.887692    57.136838
   57.593711     0.913975    58.050698
   58.521417     0.941681    58.992257
   59.477579     0.970905    59.963032
   60.463765     1.001745    60.964638
   61.481643     1.034306    61.998796
   62.532988     1.068699    63.067337
   63.619689     1.105036    64.172207
   64.743748     1.143437    65.315467
   65.907291     1.184022    66.499302
   67.112562     1.226913    67.726018
   68.361926     1.272230    68.998041
   69.657869     1.320089    70.317913
   71.002987     1.370599    71.688287
   72.399983     1.423857    73.111911
   73.851644     1.479942    74.591615
   75.360828     1.538909    76.130282
   76.930431     1.600781    77.730821
   78.563354     1.665543    79.396125
   80.262458     1.733128    81.129022
   82.030510     1.803412    82.932216
   83.870118     1.876203    84.808219
   85.783663     1.951233    86.759279
   87.773216     2.028155    88.787294
   89.840460     2.106536    90.893729
   91.986606     2.185865    93.079538
   94.212312     2.265556    95.345090
   96.517625     2.344967    97.690109
   98.901927     2.423419   100.113636
  101.363912     2.500218   102.614021
  103.901587     2.574690   105.188932
  106.512306     2.646207   107.835410
  109.192830     2.714213   110.549937
  111.939409     2.778251   113.328534
  114.747892     2.837974   116.166879
  117.613841     2.893156   119.060419
  120.532653     2.943689   122.004497
  123.499670     2.989577   124.994459
  126.510292     3.030921   128.025752
  129.560058     3.067902   131.094009
  132.644722     3.100761   134.195102
  135.760301     3.129784   137.325193
  138.903114     3.155280   140.480754
  142.069793     3.177571   143.658578
  145.257294     3.196977   146.855782
  148.462888     3.213808   150.069792
  151.684150     3.228359   153.298330
  154.918938     3.240903   156.539389
  158.165370     3.251689   159.791215
  161.421806     3.260944   163.052278
  164.686816     3.268872   166.321252
  167.959166     3.275650   169.596991
  171.237787     3.281439   172.878507
  174.521761     3.286377   176.164950
  177.810298     3.290585   179.455591
  181.102722     3.294167   182.749806
  184.398454     3.297215   186.047062
  187.697000     3.299806   189.346903
  190.997937     3.302008   192.648941
  194.300906     3.303879   195.952846
  197.605601     3.305467   199.258335
  200.911761     3.306816   202.565169
  204.219165     3.307960   205.873145
  207.527623     3.308930   209.182088
  210.836976     3.309754   212.491853
  214.147089     3.310452   215.802315
  217.457845     3.311044   219.113367
  220.769147     3.311546   222.424920
  224.080911     3.311972   225.736897
  227.393068     3.312332   229.049234
  230.705558     3.312638   232.361877
  234.018329     3.312897   235.674777
  237.331339     3.313117   238.987897
  240.644552     3.313303   242.301203
  243.957936     3.313461   245.614666
  247.271465     3.313595   248.928263
  250.585118     3.313708   252.241972
  253.898875     3.313804   255.555777
  257.212721     3.313885   258.869664
  260.526642     3.313954   262.183619
  263.840626     3.314013   265.497632
  267.154664     3.314062   268.811695
  270.468748     3.314104   272.125800
  273.782870     3.314140   275.439940
  277.097025     3.314170   278.754110
  280.411208     3.314195   282.068305
  283.725414     3.314217   285.382523
  287.039640     3.314235   288.696758
  290.353884     3.314251   292.011009
  293.668141     3.314264   295.325273
  296.982411     3.314275   298.639548
  300.296690     3.314284   301.953833
  303.610979     3.314292   305.268125
  306.925275     3.314299   308.582424
  310.239577     3.314305   311.896729
  313.553884     3.314310   315.211039
  316.868196     3.314314   318.525353
  320.182512     3.314317   321.839671
  323.496831     3.314320   325.153991
  326.811153     3.314323   328.468314
  330.125477     3.314325   331.782639
  333.439803     3.314327   335.096966
  336.754130     3.314328   338.411294
  340.068459     3.314330   341.725624
  343.382789     3.314331   345.039955
  346.697121     3.314332   348.354286
  350.011453     3.314332   351.668619
